
Graham Gano
WK Game Date Opp Result G GS Blk Lng FG Att FGM Pct XPM XP Att Pct Blk KO Avg TB Ret Avg
1 09/12 DAL W   13-7 1 0 0 49 2 2 100.0 1 1 100.0 0 3 62.0 0 3 16.7
2 09/19 HOU L   27-30 1 0 1 41 4 2 50.0 3 3 100.0 0 7 70.0 1 6 14.7
3 09/26 @STL L   16-30 1 0 0 29 3 3 100.0 1 1 100.0 0 5 67.4 1 3 19.0
4 10/03 @PHI W   17-12 1 0 0 26 1 1 100.0 2 2 100.0 0 4 69.0 0 4 23.0
5 10/10 GB W   16-13 1 0 0 45 4 3 75.0 1 1 100.0 0 5 61.8 0 5 13.6
6 10/17 IND L   24-27 1 0 0 39 2 1 50.0 3 3 100.0 0 5 66.8 0 5 19.6
7 10/24 @CHI W   17-14 1 0 0 46 2 1 50.0 2 2 100.0 0 4 66.0 0 4 19.5
8 10/31 @DET L   25-37 1 0 0 46 2 2 100.0 1 1 100.0 0 5 67.4 1 4 27.8
TOTAL 8 0 1 49 20 15 75.0 14 14 100.0 0 38 66.7 3 34 18.9
