
Joe Nedney
WK Game Date Opp Result G GS Blk Lng FG Att FGM Pct XPM XP Att Pct Blk KO Avg TB Ret Avg
1 09/12 @SEA L   6-31 1 0 0 23 2 2 100.0 0 0 -- 0 3 63.3 1 2 29.0
2 09/20 NO L   22-25 1 0 0 0 0 0 -- 2 2 100.0 0 4 69.0 1 3 27.0
3 09/26 @KC L   10-31 1 0 0 51 1 1 100.0 1 1 100.0 0 2 64.5 0 2 18.0
4 10/03 @ATL L   14-16 1 0 0 0 0 0 -- 2 2 100.0 0 3 70.3 0 3 25.7
5 10/10 PHI L   24-27 1 0 0 50 2 1 50.0 3 3 100.0 0 5 67.6 0 5 25.2
6 10/17 OAK W   17-9 1 0 0 25 1 1 100.0 2 2 100.0 0 4 57.3 0 4 10.0
7 10/24 @CAR L   20-23 1 0 0 38 2 2 100.0 2 2 100.0 0 5 67.2 1 4 21.0
8 10/31 DEN W   24-16 1 0 0 34 2 1 50.0 3 3 100.0 0 5 69.2 0 5 22.8
TOTAL 8 0 0 51 10 8 80.0 15 15 100.0 0 31 66.3 3 28 22.0
