
Josh Brown
WK Game Date Opp Result G GS Blk Lng FG Att FGM Pct XPM XP Att Pct Blk KO Avg TB Ret Avg
1 09/12 ARI L   13-17 1 0 1 46 3 2 66.7 1 1 100.0 0 3 72.3 0 3 27.3
2 09/19 @OAK L   14-16 1 0 0 0 1 0 0.0 2 2 100.0 0 3 71.0 0 3 20.3
3 09/26 WAS W   30-16 1 0 1 37 4 3 75.0 3 3 100.0 0 7 71.4 1 6 28.3
4 10/03 SEA W   20-3 1 0 0 31 2 2 100.0 2 2 100.0 0 4 63.3 0 4 23.0
5 10/10 @DET L   6-44 1 0 0 28 2 2 100.0 0 0 -- 0 3 54.3 1 1 105.0
6 10/17 SD W   20-17 1 0 0 48 2 2 100.0 2 2 100.0 0 5 67.6 0 5 23.0
7 10/24 @TB L   17-18 1 0 0 25 1 1 100.0 2 2 100.0 0 4 67.3 0 4 26.8
8 10/31 CAR W   20-10 1 0 0 41 3 2 66.7 2 2 100.0 0 5 68.6 0 5 21.4
TOTAL 8 0 2 48 18 14 77.8 14 14 100.0 0 34 67.5 2 31 27.1
