
Mason Crosby
WK Game Date Opp Result G GS Blk Lng FG Att FGM Pct XPM XP Att Pct Blk KO Avg TB Ret Avg
1 09/12 @PHI W   27-20 1 0 0 56 2 2 100.0 3 3 100.0 0 5 64.4 0 4 23.3
2 09/19 BUF W   34-7 1 0 0 44 2 2 100.0 4 4 100.0 0 7 67.3 0 7 27.4
3 09/27 @CHI L   17-20 1 0 1 38 2 1 50.0 2 2 100.0 0 4 67.8 0 3 30.3
4 10/03 DET W   28-26 1 0 0 0 0 0 -- 4 4 100.0 0 5 65.8 1 4 24.5
5 10/10 @WAS L   13-16 1 0 0 52 4 2 50.0 1 1 100.0 0 4 63.5 0 4 16.5
6 10/17 MIA L   20-23 1 0 0 46 2 2 100.0 2 2 100.0 0 6 62.3 0 6 23.3
7 10/24 MIN W   28-24 1 0 0 0 0 0 -- 4 4 100.0 0 5 53.0 0 5 16.6
8 10/31 @NYJ W   9-0 1 0 0 41 4 3 75.0 0 0 -- 0 4 68.3 0 4 30.3
TOTAL 8 0 1 56 16 12 75.0 20 20 100.0 0 40 64.0 1 37 23.9
