
Robbie Gould
WK Game Date Opp Result G GS Blk Lng FG Att FGM Pct XPM XP Att Pct Blk KO Avg TB Ret Avg
1 09/12 DET W   19-14 1 0 0 31 2 2 100.0 1 1 100.0 0 4 68.5 1 3 22.7
2 09/19 @DAL W   27-20 1 0 0 40 2 2 100.0 3 3 100.0 0 6 72.0 2 4 26.8
3 09/27 GB W   20-17 1 0 0 25 3 2 66.7 2 2 100.0 0 5 60.6 0 5 19.4
4 10/03 @NYG L   3-17 1 0 0 40 1 1 100.0 0 0 -- 0 2 61.5 0 2 22.0
5 10/10 @CAR W   23-6 1 0 0 53 3 3 100.0 2 2 100.0 0 6 59.5 2 3 26.3
6 10/17 SEA L   20-23 1 0 1 34 3 2 66.7 2 2 100.0 0 5 56.6 1 3 25.7
7 10/24 WAS L   14-17 1 0 0 0 0 0 -- 2 2 100.0 0 3 68.3 0 3 21.3
TOTAL 7 0 1 53 14 12 85.7 12 12 100.0 0 31 63.8 6 23 23.3
